101 ,2, 189.32 1
102 ,3, 271.89 0
103 ,1, 107.65 0
104 ,4, 159.78 0
105 ,2, 298.76 0
106 ,3, 235.42 0
107 ,4, 123.45 0
108 ,1, 154.23 0
109 ,2, 214.31 0
201 ,3, 132.98 0
202 ,4, 256.12 0
203 ,1, 189.32 0
204 ,2, 271.89 0
205 ,3, 107.65 0
206 ,4, 159.78 0
207 ,2, 298.76 0
208 ,3, 235.42 0
209 ,4, 123.45 0
301 ,1, 154.23 0
302 ,2, 214.31 0
303 ,3, 132.98 0
304 ,4, 256.12 0
305 ,1, 189.32 0
306 ,2, 271.89 0
307 ,3, 107.65 0
308 ,4, 159.78 0
309 ,2, 298.76 0
401 ,3, 235.42 0
402 ,4, 123.45 0
403 ,1, 154.23 0
404 ,2, 214.31 0
405 ,3, 132.98 0
406 ,4, 256.12 0
407 ,1, 189.32 0
408 ,2, 271.89 0
409 ,3, 107.65 0
